Column,Mean,Median,Std Dev,Min,Max,Skewness,Kurtosis,Outlier %,Missing %,Unique Count,Unique %
QTD_H350,0.0002607779876631952,0.0,0.10826637242692987,0.0,59.0,541.1606595134092,294851.2839084645,0.005683622808043998,0.0,4,0.0013373230136574112
QT_M169,0.03525852125507765,0.0,2.791814099649951,0.0,1520.0,539.5999493796394,293741.4133795679,2.073519332675816,0.0,11,0.003677638287557881
QT_M168,0.036318349743401146,0.0,2.7921172473845437,0.0,1520.0,539.4232572009926,293613.04484821623,2.155764698015747,0.0,11,0.003677638287557881
QTD_H287,0.00018053860684375051,0.0,0.06991351344682979,0.0,38.0,537.0487806760863,291784.7788520813,0.005349292054629645,0.0,4,0.0013373230136574112
QT_M171,0.10503334949265308,0.0,2.8084452109586593,0.0,1520.0,530.0052806258414,286792.30527101853,7.880844519483126,0.0,13,0.0043462997943865865
QTD_H29,0.00012370237876331054,0.0,0.04084483731025901,0.0,22.0,523.165214932791,281406.85286128457,0.005349292054629645,0.0,3,0.0010029922602430585
QT_M90,0.00044800320957523275,0.0,0.11872333798274567,0.0,59.0,432.1948615792618,206934.860557777,0.008692599588773173,0.0,8,0.0026746460273148224
QT_M78,6.686615068287057e-06,0.0,0.0025858446807188124,0.0,1.0,386.71630429384106,149547.50000668675,0.0006686615068287056,0.0,2,0.0006686615068287056
QTD_H330,6.686615068287057e-06,0.0,0.002585844680718813,0.0,1.0,386.716304293841,149547.50000668672,0.0006686615068287056,0.0,2,0.0006686615068287056
QT_M95,1.3373230136574113e-05,0.0,0.0044788093760992735,0.0,2.0,372.11768848264796,149547.72223212867,0.0010029922602430585,0.0,3,0.0010029922602430585
QT_M84,1.3373230136574113e-05,0.0,0.004478809376099275,0.0,2.0,372.11768848264745,149547.72223212838,0.0010029922602430585,0.0,3,0.0010029922602430585
QTD_H312,4.0445030148399554e-05,0.0,0.016826007531585526,-1.0,8.0,365.0766018419821,173069.9064740232,0.007077880275969923,0.8043997927149329,4,0.0013481676716133185
QTD_J20,0.0006866788465460054,0.0,0.09626863780397008,0.0,40.0,315.9192044924594,125226.51523126198,0.01456591492673345,19.664666254325404,11,0.004577858976973369
QT_M170,0.5615319035121445,0.0,3.4528142299062874,0.0,1520.0,290.143897614414,125582.06051994284,20.3657578442353,0.0,80,0.026746460273148226
QTD_H367,0.004322896641647582,0.0,0.30704986039875826,0.0,132.0,285.36971875299827,115567.31394617313,0.08659166513431739,0.0,20,0.0066866150682870565
QTD_H335,1.3373230136574113e-05,0.0,0.003656924391296935,0.0,1.0,273.44697843160236,74771.25001337333,0.0013373230136574112,0.0,2,0.0006686615068287056
AMT_M107,0.27303789639089954,0.0,41.03766169284425,0.0,15132.0,244.34971946235183,73804.6521469095,0.017050868424131994,0.0,20,0.0066866150682870565
AMT_M100,0.6479330001170157,0.0,75.73983603935395,0.0,27385.0,232.52918808023315,68867.98809163667,0.05583323582019692,0.0,28,0.00936126109560188
QT_M85,0.00011701576369502348,0.0,0.016455853758709924,0.0,6.0,224.3092245019359,67149.01338823789,0.007689607328530115,0.0,5,0.0016716537670717641
QT_M80,0.0009762457999699102,0.0,0.17324942232592203,0.0,50.0,216.30303812487963,51601.91093886735,0.006017953561458351,0.0,15,0.005014961301215292
QTD_H370,0.00046806305478009393,0.0,0.07808965518379916,0.0,21.0,214.33266258977608,51180.89187775304,0.006352284314872703,0.0,12,0.004011969040972234
QTD_H363,0.060864913659082934,0.0,1.5118387285338528,0.0,564.0,196.49612370014768,66428.13756003544,0.9795891075040537,0.0,56,0.01872252219120376
QTD_H322,-3.0333772611299667e-05,0.0,0.0055075361740356404,-1.0,0.0,-181.55868358712632,32961.555585890266,0.003033377261129967,0.8043997927149329,2,0.0006740838358066593
QTD_H297,3.343307534143528e-05,0.0,0.005782047158627973,0.0,1.0,172.93785020473163,29905.500033434208,0.0033433075341435282,0.0,2,0.0006686615068287056
QTD_C8,1.0158745362107835,0.0,6.885184271395656,0.0,1741.0,156.26247703838118,31953.572841922098,11.170275220740184,43.0514367864128,62,0.03639864737929739
QT_M92,0.007418799418264489,0.0,0.17335381804769964,0.0,59.0,151.6118763241074,46013.104463905926,0.48076762340983936,0.0,16,0.005349292054629645
QTD_H285,4.6806305478009396e-05,0.0,0.006841364712456804,0.0,1.0,146.1562277289317,21359.642903951364,0.00468063054780094,0.0,2,0.0006686615068287056
QT_M79,0.00024071814245833404,0.0,0.02662190116242695,0.0,5.0,136.0617168382132,20572.88769861836,0.011367245616087996,0.0,6,0.002005984520486117
QTD_H61,8.692599588773174e-05,0.0,0.010014589617281446,0.0,2.0,126.46583437802096,17941.612984857064,0.008023938081944468,0.0,3,0.0010029922602430585
QT_M94,8.692599588773174e-05,0.0,0.010014589617281446,0.0,2.0,126.46583437802093,17941.61298485707,0.008023938081944468,0.0,3,0.0010029922602430585
AMT_M112,-0.19809431470553818,0.0,7.230018550576462,-1876.0,0.0,-126.06888475261198,23973.831019893194,0.27649153307366975,0.0,38,0.012704568629745406
QTD_H360,6.352284314872703e-05,0.0,0.007969882079475497,0.0,1.0,125.45663985847663,15737.368484579507,0.006352284314872703,0.0,2,0.0006686615068287056
QTD_C4,0.10690634980274281,0.0,0.7357424987800173,0.0,180.0,124.86846836579294,26001.973762064914,8.500258312981401,43.0514367864128,28,0.016438098816456886
QTD_C5,0.2091982904377231,0.0,1.46921407655614,0.0,318.0,124.64382342041775,21358.806954000127,15.39075709186549,43.0514367864128,40,0.023482998309224123
QTD_H336,9.026930342187526e-05,0.0,0.010180114512818004,0.0,2.0,123.56390698654761,17113.70121778275,0.00835826883535882,0.0,3,0.0010029922602430585
AMT_M109,0.3945102890289363,0.0,32.29488812830887,0.0,5500.0,123.41879439236214,17526.493418402046,0.03075842931412046,0.0,10,0.0033433075341435282
QTD_C6,0.303253569415743,0.0,2.120682248226789,0.0,398.0,122.21179565489265,19090.780061614314,21.11649915461206,43.0514367864128,42,0.02465714822468533
QTD_C7,0.39189014653390947,0.0,2.6907725448617263,0.0,498.0,121.83527888554464,18542.415563923732,2.0271698290437725,43.0514367864128,42,0.02465714822468533
QT_M167,0.00010029922602430585,0.0,0.010970388035959684,0.0,2.0,121.52223826194309,16612.27788458641,0.009026930342187526,0.0,3,0.0010029922602430585
QT_M166,0.0001069858410925929,0.0,0.011563792737116347,0.0,2.0,121.05035428468237,16446.111108192836,0.00936126109560188,0.0,3,0.0010029922602430585
QTD_H14,7.020945821701409e-05,0.0,0.00837882829309122,0.0,1.0,119.33187046346687,14238.095308309623,0.007020945821701409,0.0,2,0.0006686615068287056
QTD_H19,7.020945821701409e-05,0.0,0.008378828293091221,0.0,1.0,119.33187046346686,14238.095308309616,0.007020945821701409,0.0,2,0.0006686615068287056
QTD_H364,0.018578759967235587,0.0,0.6831689365693341,0.0,176.0,118.13267169385382,22235.507685342203,0.29956035505926015,0.0,46,0.01537921465706023
QTD_H366,0.373444108256298,0.0,7.346160281867559,0.0,2112.0,118.12009140015567,25957.371194527324,2.1564333595225755,0.0,163,0.05449591280653951
QTD_H62,0.01802377091656776,0.0,0.23499868721726416,0.0,66.0,117.83303533707422,27459.270423466372,1.5031510673509303,0.0,19,0.006352284314872703
QTD_H348,0.00010364253355844937,0.0,0.01081690404438073,0.0,2.0,113.5607129533031,14401.165783494862,0.009695591849016232,0.0,3,0.0010029922602430585
QTD_H277,8.023938081944468e-05,0.0,0.0089572992975287,0.0,1.0,111.62306398580537,12457.708413579177,0.008023938081944468,0.0,2,0.0006686615068287056
QTD_H39,8.35826883535882e-05,0.0,0.009141990029966404,0.0,1.0,109.3672715376482,11959.200083589667,0.00835826883535882,0.0,2,0.0006686615068287056
QTD_H340,0.00017050868424131995,0.0,0.017441700876721818,0.0,2.0,107.71839721044358,11950.603834523474,0.010364253355844937,0.0,3,0.0010029922602430585
QTD_H365,0.022159442336303306,0.0,0.5700006968650748,0.0,135.0,107.41930422862382,19166.568363900536,0.548636766352953,0.0,38,0.012704568629745406
QTD_H302,1.3481676716133185e-05,0.0,0.006869195425007116,-1.0,2.0,103.97858556145898,39354.517511285965,0.0037074610969366263,0.8043997927149329,4,0.0013481676716133185
QTD_H44,9.695591849016231e-05,0.0,0.009846158751672643,0.0,1.0,101.54292498350993,10308.965614206723,0.009695591849016232,0.0,2,0.0006686615068287056
QTD_H284,0.00012370237876331054,0.0,0.011418149037120177,0.0,2.0,96.54141233152424,10024.331800877088,0.012035907122916701,0.0,3,0.0010029922602430585
AMT_M108,7.527941692716604,0.0,156.41459686918847,0.0,43975.0,95.8099262118255,21900.493686299356,1.0444492736664381,0.0,557,0.18622222965179452
AMT_M105,-0.2783504120626536,0.0,11.007826304511525,-1876.0,0.0,-92.73107433848071,11018.717135163852,0.2865214556761004,0.0,68,0.022734491232175993
QTD_H54,0.051155948579930124,0.0,0.7253174831183897,0.0,121.0,92.03967600970043,10879.34921278675,3.808695942896307,0.0,54,0.01805386068437505
QTD_J25,0.0011028478444526754,0.0,0.08177192275313969,0.0,12.0,90.43526132503409,9310.827047805955,0.025386308872306865,19.664666254325404,13,0.00541019697278671
AMT_M102,0.7505725414152221,0.0,47.823660123255884,0.0,5500.0,89.24237567089494,8887.551615433036,0.048143628491666805,0.0,9,0.0030089767807291753
AMT_M106,8.19548987813644,0.0,166.2096051812639,0.0,43975.0,85.63091645039717,17552.480446865662,1.0855719563364037,0.0,572,0.1912371909530098
QTD_J36,0.0009197334853737406,0.0,0.0498366666640176,0.0,8.0,83.63015897516685,9428.478627774191,0.05202112473833375,19.664666254325404,8,0.0033293519832533593
QT_M138,0.0002106283746510423,0.0,0.015621072354584301,0.0,2.0,81.52925728032052,7460.312557524099,0.019391183698032464,0.0,3,0.0010029922602430585
QT_M139,0.0002106283746510423,0.0,0.015621072354584301,0.0,2.0,81.52925728032052,7460.312557524099,0.019391183698032464,0.0,3,0.0010029922602430585
QTD_H294,0.00017050868424131995,0.0,0.013056805926320254,0.0,1.0,76.56241958106074,5859.8040921063985,0.017050868424131994,0.0,2,0.0006686615068287056
QTD_H278,0.002240016047876164,0.0,0.06239624932148448,0.0,13.0,74.67866377501637,11016.06261875884,0.1949148292405677,0.0,10,0.0033433075341435282
IND_M18,0.00018053860684375051,0.0,0.013435275067683546,0.0,1.0,74.40417771908167,5533.981662052691,0.01805386068437505,0.0,2,0.0006686615068287056
QTD_J28,0.019326888262785752,0.0,0.40604337187276385,0.0,84.0,73.57193044109381,10136.441593893112,0.8023738279640596,19.664666254325404,31,0.012901238935106769
QT_M91,0.002002641212951973,0.0,0.07578360165956675,0.0,14.0,72.36605577767118,8437.219822131354,0.11735009444843783,0.0,11,0.003677638287557881
AMT_M104,-1.6787449223516826,0.0,58.32070091152755,-9935.0,0.0,-72.10629958855112,7215.483101562621,0.2982230320456027,0.0,230,0.07689607328530115
QTD_H50,0.0002373748349241905,0.0,0.01604304191276063,0.0,2.0,72.01794780662613,5695.833908246335,0.022734491232175993,0.0,3,0.0010029922602430585
PERC_M142,0.019837561323672627,0.0,13.918738083257663,-999.0,1.0,-71.7015955043897,5143.40811473731,22.531218134100065,0.0,418,0.13975025492719947
AMT_M103,-3.2901322278129754,0.0,126.60909101921281,-19000.0,0.0,-71.1916960523077,7294.500178895322,0.14075324718744253,0.0,52,0.017385199177546346
QTD_H371,0.04043730462546597,0.0,0.811615927829112,0.0,135.0,69.69726942452729,8289.22022348383,0.8762809046990188,0.0,50,0.01671653767071764
QTD_H27,0.00034770398355092694,0.0,0.020358060364619884,0.0,3.0,69.68876250351069,6142.883131340514,0.03209575232777787,0.0,4,0.0013373230136574112
QTD_H347,0.00024071814245833404,0.0,0.015938452769497756,0.0,2.0,69.31632089805677,5173.584425477101,0.023403152739004698,0.0,3,0.0010029922602430585
QT_M175,2.4600825796960932,0.0,5.787299091497457,0.0,1540.0,67.33781139272006,16800.459899818026,10.127547182427575,0.0,103,0.03443606760167834
AMT_M111,-1.4158105013289648,0.0,48.687445780941566,-6290.0,0.0,-65.94836521305234,5617.632697148762,0.28317814814195685,0.0,202,0.06753481218969927
QTD_M1,0.0007154678123067151,0.0,0.03380684995031624,0.0,5.0,65.17977217142497,5658.281404579901,0.05683622808043998,0.0,6,0.002005984520486117
FLG_F89,0.0002373748349241905,0.0,0.015405170610651385,0.0,1.0,64.88256095673508,4207.746716304438,0.02373748349241905,0.0,2,0.0006686615068287056
QTD_J34,0.004332319268208434,0.0,0.12662123038072085,0.0,21.0,64.6136144049173,6511.576114914279,0.24553970876493528,19.664666254325404,16,0.006658703966506719
QTD_H362,1.047538489827987,0.0,10.686199768814017,0.0,2244.0,63.78129569913506,8899.723735285004,8.482974206382373,0.0,233,0.07789906554554421
QT_M81,0.016235101385800973,0.0,0.45866347804029267,0.0,70.0,62.369657973815194,5863.598363779465,0.34168602998946856,0.0,39,0.01303889938315976
QT_M83,0.005228932983400478,0.0,0.1387452120297439,0.0,23.0,61.937116287039046,6539.803843835203,0.2828438173885425,0.0,16,0.005349292054629645
QT_M77,0.015927517092659767,0.0,0.4361826454500547,0.0,74.0,58.941575879990644,5743.817524779049,0.30791862389461894,0.0,34,0.011367245616087996
QTD_H295,0.0003243008308119222,0.0,0.01819020013898266,0.0,2.0,57.16063912138898,3382.55181262448,0.03209575232777787,0.0,3,0.0010029922602430585
IND_M24,0.0003075842931412046,0.0,0.017535413114033987,0.0,1.0,56.992469783531526,3246.1416120267577,0.03075842931412046,0.0,2,0.0006686615068287056
AMT_M110,-2.741696059912071,0.0,99.83191855239166,-13000.0,0.0,-56.69691463035998,4382.176737699023,0.13139198609184066,0.0,44,0.014710553150231525
QTD_H357,0.00036107721368750103,0.0,0.019519425093093488,0.0,2.0,56.58772500200108,3447.447670238315,0.035104729108507045,0.0,3,0.0010029922602430585
QTD_M2,0.00154460808077431,0.0,0.05525764635382352,0.0,7.0,54.72532830832382,4165.691966901687,0.10999481787332208,0.0,8,0.0026746460273148224
QTD_J26,0.004527918697224569,0.0,0.1745274824300619,0.0,22.0,54.593566481026215,3853.750750764809,0.11070095344317421,19.664666254325404,18,0.007491041962320059
QTD_H16,0.0004312866719045151,0.0,0.021707646799243405,0.0,2.0,53.86961690515357,3199.7821389208657,0.041122682669965396,0.0,3,0.0010029922602430585
QTD_H341,0.004533525016298624,0.0,0.08961115187538746,0.0,16.0,52.59108235203811,6145.040472055175,0.3784624128650474,0.0,10,0.0033433075341435282
QT_M159,0.0011500977917453738,0.0,0.040126760270127265,0.0,6.0,51.55643153704794,4218.274514693633,0.09996489527089149,0.0,7,0.00234031527390047
QTD_H40,0.018030457531636047,0.0,0.17361614249750598,0.0,36.0,51.31964568127519,7998.529545313753,1.6281907691278983,0.0,15,0.005014961301215292
QTD_H290,0.0005282425903946774,0.0,0.023693849464146776,0.0,3.0,48.6941902466596,2793.187325334705,0.05148693602581034,0.0,4,0.0013373230136574112
QT_M128,0.05110914227445212,0.0,0.7723517829372176,0.0,129.0,48.36445294430344,4663.253758067974,1.5476170575550392,0.0,49,0.01638220691730329
QTD_H358,0.0005917654335434045,0.0,0.025395084640436015,0.0,2.0,45.86172827644825,2315.8782101830707,0.05650189732702563,0.0,3,0.0010029922602430585
QT_M156,0.0035606225238628574,0.0,0.06994262273601742,0.0,14.0,45.25441920232478,5927.881013790574,0.3222948462914361,0.0,6,0.002005984520486117
QTD_H286,0.0006051386636799786,0.0,0.025262772609982432,0.0,3.0,44.92633084843623,2348.484651263571,0.059176543354340444,0.0,4,0.0013373230136574112
QTD_C3,0.07124154612060868,0.0,0.39832982572129394,0.0,60.0,44.17728734034981,4835.147272265205,5.97701014465527,43.0514367864128,23,0.01350272402780387
QTD_H310,2.0222515074199777e-05,0.0,0.009714506993914952,-1.0,2.0,44.11066259154346,15134.467953698728,0.00842604794758324,0.8043997927149329,4,0.0013481676716133185
QTD_H349,0.0011233513314722254,0.0,0.035999246350151795,0.0,5.0,43.76444349179819,3296.0918143027784,0.10765450259942161,0.0,4,0.0013373230136574112
QTD_H292,0.0007522441951822938,0.0,0.028958714119628214,0.0,3.0,43.288240015921694,2269.6795631262667,0.07154678123067151,0.0,4,0.0013373230136574112
QT_M123,0.02182176827535481,0.0,0.3900379359002497,0.0,53.0,43.278910237490344,2963.7919667716656,0.9184065796292271,0.0,31,0.010364253355844937
AMT_M99,10.787382357366143,0.0,204.6778875805294,0.0,27385.0,42.79318286459389,2973.0504421617443,1.135387238595142,0.0,669,0.22366727403420203
QTD_H353,0.000949499339696762,0.0,0.03238673375816102,0.0,5.0,42.62568153190523,2951.845303525836,0.09194095718894703,0.0,4,0.0013373230136574112
AMT_M98,5.529489644104913,0.0,98.5725901029653,-990.0,15245.0,40.11386673335395,3028.7458996378664,1.0755420337339732,0.0,451,0.15078316978987313
AMT_M101,9.388876815833905,0.0,180.80657847227107,0.0,19460.0,39.25766464336891,2304.7601252167856,1.0444492736664381,0.0,647,0.21631199745908627
QTD_H368,0.47285401447652164,0.0,5.294977115287725,0.0,686.0,37.395016415709414,2612.5819157355377,3.5104729108507047,0.0,163,0.05449591280653951
QTD_J30,0.008252631228489266,0.0,0.18031611197198255,0.0,21.0,37.34926362878782,2185.6817137041708,0.3579053381997362,19.664666254325404,16,0.006658703966506719
QTD_H289,0.0010364253355844937,0.0,0.03419191963158253,0.0,3.0,36.87740772038581,1611.8827082688028,0.09762457999699102,0.0,4,0.0013373230136574112
QTD_H355,0.0014209057020109995,0.0,0.041470352745754384,0.0,4.0,36.13355052648247,1767.8834620732957,0.13072332458501196,0.0,5,0.0016716537670717641
QT_M113,0.05051737684090871,0.0,0.47563776717089723,0.0,72.0,34.25229404228224,3098.255201219502,2.468698283211581,0.0,28,0.00936126109560188
QT_M89,0.004968154995737283,0.0,0.10072583022727767,0.0,10.0,34.23608771097052,1779.0334498177017,0.35639658313970013,0.0,11,0.003677638287557881
QTD_H293,0.0008659166513431738,0.0,0.029413767732553147,0.0,1.0,33.9388630704193,1149.846426512672,0.08659166513431739,0.0,2,0.0006686615068287056
QT_M146,0.2405844101569683,0.0,1.2916687391783428,0.0,201.0,33.153276342892795,3336.5374218805873,9.904882900653616,0.0,55,0.018388191437789407
QT_M147,0.2405844101569683,0.0,1.2916687391783428,0.0,201.0,33.153276342892795,3336.5374218805873,9.904882900653616,0.0,55,0.018388191437789407
QTD_J6,0.0773824634707662,0.0,0.8783992948169508,0.0,86.0,32.94450022091028,1695.891986529187,3.2144893398311183,19.664666254325404,52,0.02164078789114684
IND_M20,0.000949499339696762,0.0,0.03079936626239932,0.0,1.0,32.406597632581786,1048.1875701200547,0.0949499339696762,0.0,2,0.0006686615068287056
QT_M133,1.6470169338526603,0.0,6.703270374941863,0.0,850.0,32.36293700712565,2838.622152755851,22.511826950402032,0.0,179,0.059845204861169156
QTD_J19,0.021062312984056565,0.0,0.40705760550691816,0.0,44.0,32.19139575745563,1562.0400861095688,0.5039806564649774,19.664666254325404,27,0.011236562943480088
QTD_H369,0.054408986810651774,0.0,0.765697648285143,0.0,88.0,31.627248621709874,1802.7141632581245,1.2226475652362883,0.0,45,0.015044883903645877
QTD_J23,0.01345474370232264,0.0,0.28051289478045754,0.0,24.0,31.376304486662548,1291.5902821170314,0.41991451888783,19.664666254325404,19,0.00790721096022673
QT_M93,0.004901288845054412,0.0,0.07633338085754372,0.0,13.0,31.3477472054954,3147.3766057224384,0.47140636231423744,0.0,7,0.00234031527390047
QT_M96,0.005001588071078718,0.0,0.07711129134283685,0.0,13.0,30.750815385241143,3028.721297714927,0.48043329265642504,0.0,7,0.00234031527390047
QTD_H282,0.0012102773273599571,0.0,0.03562297481135489,0.0,2.0,30.6647627541075,1005.9864292752849,0.11801875595526654,0.0,3,0.0010029922602430585
QT_M140,1.8230153290650442,0.0,6.8745094173358865,0.0,851.0,30.54825114386459,2597.8781489767644,16.62593403654235,0.0,183,0.061182527874826566
QTD_H55,0.024162083549255278,0.0,0.25340294339603503,0.0,30.0,30.263866732405067,2053.9868464471165,1.6362147072098427,0.0,20,0.0066866150682870565
QTD_H352,0.001985924675281256,0.0,0.049294950169885915,0.0,4.0,30.02266403514602,1158.5232383209939,0.18053860684375053,0.0,5,0.0016716537670717641
QT_M130,0.13295999732535396,0.0,1.0086772376733617,0.0,129.0,29.272976818899053,1839.779610177105,6.069774828237576,0.0,54,0.01805386068437505
QT_M151,0.2978853579846542,0.0,1.3800121799093983,0.0,201.0,27.8738374333363,2564.7676761298303,12.215108406746793,0.0,57,0.019056852944618112
QT_M163,0.42697380518547,0.0,1.9710743733386724,0.0,241.0,27.727301890276756,1945.3379868216948,12.888116213369887,0.0,79,0.02641212951973387
QT_M157,0.001955834907473964,0.0,0.04739438985919042,0.0,3.0,27.29262322722002,883.7227587985292,0.18221026061082227,0.0,4,0.0013373230136574112
QTD_H26,0.001721803380083917,0.0,0.04296382933214585,0.0,3.0,26.649394791907948,794.3768031758568,0.16616238444693335,0.0,4,0.0013373230136574112
QTD_H309,0.00013481676716133186,0.0,0.017987305415279608,-1.0,2.0,26.618213381816453,3473.5337003965574,0.03134489836500966,0.8043997927149329,4,0.0013481676716133185
QT_M193,0.051353203724444595,0.0,0.38005541230680284,0.0,46.0,26.446681767319493,1624.2597914991745,3.5402283479045815,0.0,27,0.009026930342187526
QTD_H58,0.002741512177997693,0.0,0.05441829749270731,0.0,7.0,25.698804739821803,1313.9493551312733,0.2684675949917253,0.0,5,0.0016716537670717641
IND_M19,0.0015111750054328747,0.0,0.03884451570351384,0.0,1.0,25.665896421629782,656.7382391258276,0.15111750054328746,0.0,2,0.0006686615068287056
QT_M180,0.207033070676164,0.0,0.9778460755093545,0.0,102.0,25.450719528838604,1447.8391305465375,12.935454331101571,39.02910349208472,44,0.02412717213092281
QT_M143,0.07078116380535264,0.0,0.48328655067351894,0.0,72.0,25.444457124615766,2123.2665891296274,4.131993781447987,0.0,28,0.00936126109560188
QTD_H345,0.0020995971314421357,0.0,0.04860721474393145,0.0,3.0,25.314470890103436,725.7056322914888,0.1969208137610538,0.0,4,0.0013373230136574112
QTD_H36,0.00177195299309607,0.0,0.0428449000889282,0.0,3.0,25.211233334942857,693.2855842581929,0.17418632252887783,0.0,4,0.0013373230136574112
QTD_J8,0.030675816835700642,0.0,0.48316716270987853,0.0,31.0,25.166954774088122,868.5561557922354,0.7478556892382858,19.664666254325404,28,0.011652731941386758
QTD_H314,0.002207624562266809,0.0,0.0681391964317677,-3.0,8.0,24.970615552794893,1708.4517463857424,0.3181675705007432,0.8043997927149329,11,0.0037074610969366263
QTD_H339,0.011454171611975728,0.0,0.12682230587201299,0.0,18.0,24.815575477470833,1912.3423584496804,1.0153624981193896,0.0,10,0.0033433075341435282
QTD_C1,0.03302296637234642,0.0,0.2267160281500109,0.0,19.0,24.598868749975715,1439.8961970689845,3.0357646064249484,43.0514367864128,16,0.00939319932368965
QTD_H53,0.4938366125608064,0.0,1.1897129926044225,0.0,126.0,24.568565621979538,1642.2538373322898,3.4626636131124524,0.0,61,0.020394175958275522
QTD_J2,0.0019458049848715335,0.0,0.045413486920166904,0.0,2.0,24.501871714056627,648.3398018863651,0.188562544925695,0.0,3,0.0010029922602430585
QTD_H356,0.0017251466876180605,0.0,0.041740103336726724,0.0,2.0,24.426372762417387,607.561122116103,0.171511676501563,0.0,3,0.0010029922602430585
QT_M174,2.2238177228732385,0.0,7.916742206607226,0.0,870.0,24.04339266410942,1642.3035675197661,18.7934003109276,0.0,200,0.06686615068287056
QT_M153,0.006706674913491918,0.0,0.0894747552075213,0.0,13.0,23.89594051234361,1761.1080171512538,0.635897092994099,0.0,7,0.00234031527390047
QT_M150,0.36866652179000686,0.0,1.5522457117026365,0.0,203.0,23.763966084539714,1856.8187976463664,14.682135036191305,0.0,60,0.02005984520486117
QT_M117,0.03399475100717139,0.0,0.4350629688554443,0.0,42.0,23.706309690145684,950.8803393768095,1.116330385650524,0.0,27,0.009026930342187526
QT_M119,0.04090871098778021,0.0,0.4235255206670059,0.0,37.0,23.639210953628695,1011.1944515006223,1.8856254492569497,0.0,28,0.00936126109560188
TARGET,0.001842162451313084,0.0,0.04288094024629694,0.0,1.0,23.234503135281425,537.8421359434019,0.1842162451313084,0.0,2,0.0006686615068287056
QTD_H276,0.006449240233362866,0.0,0.0909573570296302,0.0,9.0,22.245711529260177,1025.9488985430346,0.5880877952558465,0.0,7,0.00234031527390047
QT_M125,0.046889888166362984,0.0,0.3177306142862903,0.0,45.0,21.95779568923785,1705.8389206061997,3.407833369552498,0.0,18,0.006017953561458351
QT_M76,0.055381889303087545,0.0,0.40241228170927673,0.0,46.0,21.087877974005977,1234.6138092205822,3.0574547399742564,0.0,23,0.007689607328530115
QT_M116,0.04087862121997292,0.0,0.4839111261331199,0.0,42.0,20.90229422763437,709.3280905413314,1.2891793851657445,0.0,28,0.00936126109560188
QTD_H37,0.0029788870129218836,0.0,0.056248872522712705,0.0,4.0,20.862639795808576,549.9807856878804,0.2905334247170726,0.0,5,0.0016716537670717641
QTD_H279,0.003125992544424199,0.0,0.058741493041495334,0.0,3.0,20.80492300475347,512.3178040852433,0.29788870129218836,0.0,4,0.0013373230136574112
QTD_H28,0.008568897210009863,0.0,0.09976565828011352,0.0,14.0,20.714360125570114,1471.636004895178,0.8181073536049214,0.0,6,0.002005984520486117
QTD_C9,0.0023717828292316363,0.0,0.048763848645575196,0.0,2.0,20.612056376644524,426.96897346285056,0.23659120796543304,43.0514367864128,3,0.0017612248731918093
QTD_H331,0.005419501512846659,0.0,0.08116068405316937,0.0,7.0,20.217912761572453,674.8127965353192,0.5014961301215293,0.0,7,0.00234031527390047
QT_M191,0.4723859514217415,0.0,1.8855784396203419,0.0,161.0,20.070265422281253,922.868393974235,17.821835141505492,0.0,82,0.02741512177997693
QT_M186,0.6361511843666939,0.0,2.541160900124752,0.0,260.0,20.01180695218047,1019.9183025738746,17.821835141505492,0.0,99,0.03309874458802093
QTD_H32,0.0027181090252586886,0.0,0.05263943111587913,0.0,3.0,19.993040012933392,433.09060156831714,0.2694705872519684,0.0,4,0.0013373230136574112
QT_M129,0.014416342087226893,0.0,0.1742128049616865,0.0,14.0,19.501123940445073,646.0389351223956,0.9471590244228615,0.0,13,0.0043462997943865865
QT_M173,5.434750338509888,2.0,11.222835623899561,0.0,1542.0,19.438828454469885,1638.945281388045,8.01023052105448,0.0,229,0.07656174253188679
QTD_G1,0.021036318450111554,0.0,0.21965737053411633,0.0,12.0,19.409745190297556,568.2514492588753,1.4692592278799175,5.293458818809448,13,0.004589228727159762
QTD_H342,0.006068103174470504,0.0,0.08603523775002563,0.0,7.0,19.30186317562109,624.4873986212189,0.5603383427224553,0.0,8,0.0026746460273148224
QTD_H361,0.009575232777787065,0.0,0.10873776942663961,0.0,12.0,18.99357593246643,919.4770365342755,0.8886511425753498,0.0,10,0.0033433075341435282
QT_M82,0.09637752628675549,0.0,0.7814513890420616,0.0,68.0,18.97675836243061,713.0395736686088,3.1711271961351364,0.0,39,0.01303889938315976
QTD_H329,0.026004246000568363,0.0,0.21112141619406502,0.0,22.0,18.79574002655078,901.3413124308137,2.109961384797981,0.0,16,0.005349292054629645
QTD_J9,0.10403392609670935,0.0,1.2415757594528591,0.0,86.0,18.744820363690025,511.4130951000873,1.2460099797325697,19.664666254325404,30,0.012485069937200098
QTD_H283,0.017164540880292872,0.0,0.18312038739097167,0.0,16.0,18.324455242656985,657.0317676335429,1.19590110496314,0.0,13,0.0043462997943865865
QT_M196,0.8599622206248642,0.0,3.2318420553012714,0.0,394.0,18.281260886332323,1100.8075865631426,17.821835141505492,0.0,107,0.03577339061533576
QT_M124,0.060029086775547046,0.0,0.3644181071510001,0.0,45.0,17.400719633866057,1037.5354629091955,4.237307968773508,0.0,19,0.006352284314872703
QT_M118,0.10028919610170342,0.0,0.7503222823673902,0.0,68.0,17.0478725523589,584.909022364815,3.67295765701008,0.0,38,0.012704568629745406
QTD_H298,0.006011266946390064,0.0,0.08204109715103104,0.0,6.0,16.841602555498568,447.8174023398755,0.5747145651192725,0.0,7,0.00234031527390047
QTD_H320,0.0004718586850646615,0.0,0.030050835812477892,-2.0,1.0,16.595492658024593,1153.1834432551263,0.08931610824438235,0.8043997927149329,4,0.0013481676716133185
QT_M131,0.061306230253589875,0.0,0.38213290250591714,0.0,45.0,16.266854952447964,876.6524261882668,4.05008274686147,0.0,19,0.006352284314872703
QTD_H268,0.007890205780578726,0.0,0.09869323638350755,0.0,6.0,16.210086592536463,400.83787527660775,0.7168051353203724,0.0,7,0.00234031527390047
QTD_H346,0.03307199812774778,0.0,0.2705700543963022,0.0,26.0,16.07674801169411,595.1647428572522,2.157102021029404,0.0,15,0.005014961301215292
QTD_H332,0.03313886427843065,0.0,0.2706854141433399,0.0,26.0,16.065589090167588,594.3539721800586,2.1651259591113488,0.0,15,0.005014961301215292
QTD_G3,0.7925209692451072,0.0,5.561505348340993,0.0,221.0,15.817965158040355,329.36063991549526,15.29307520686831,5.293458818809448,172,0.06071902623626761
QTD_G2,0.2600821824959756,0.0,1.8856395450833277,0.0,81.0,15.752013067433277,338.72218125735674,8.119757688723206,5.293458818809448,69,0.024358214013386427
QT_M177,1.4887068384082647,0.0,3.877885020721284,0.0,263.0,15.639470866703718,578.8161687503762,6.661841232240483,39.02910349208472,113,0.061962964790779035
QTD_J3,0.16909362553945906,0.0,1.0636004508426844,0.0,86.0,15.321106091892538,469.97233676450776,5.884213461402407,19.664666254325404,43,0.017895266909986808
IND_M25,0.004252687183430568,0.0,0.06507392713502087,0.0,1.0,15.236459926811863,230.14971110134377,0.42526871834305685,0.0,2,0.0006686615068287056
QTD_H275,0.006566255997057889,0.0,0.08452821640485958,0.0,6.0,14.890048920857184,317.03453097671263,0.6328881162133698,0.0,6,0.002005984520486117
QTD_H31,0.01583390448170375,0.0,0.14819681559474915,0.0,12.0,14.694095944321443,419.7356099119677,1.378780027080791,0.0,10,0.0033433075341435282
QTD_J29,0.07046157303557829,0.0,0.44862963706749814,0.0,45.0,14.563209082495153,601.5271087917378,3.9652582120547515,19.664666254325404,20,0.008323379958133398
QTD_H34,0.006582972534728607,0.0,0.08367219880979991,0.0,5.0,14.18597387226296,268.0027307486162,0.6405777235419,0.0,5,0.0016716537670717641
QTD_H321,-0.005699378831745304,0.0,0.07722378454835492,-3.0,1.0,-14.130122496569765,217.12247792676473,0.5567932483763005,0.8043997927149329,5,0.0016852095895166482
QTD_H291,0.0245632804533525,0.0,0.2053640819489773,0.0,11.0,13.98651079343654,321.80150105262265,1.9304257702144734,0.0,12,0.004011969040972234
QTD_M9,0.025114926196486184,0.0,0.22707956778028662,0.0,12.0,13.935680055947344,283.6909248279454,1.7181257417963594,0.0,12,0.004011969040972234
QTD_H296,0.006171745708028953,0.0,0.08071439836153038,0.0,3.0,13.796068079852525,209.5274607702647,0.5991207101185203,0.0,4,0.0013373230136574112
QTD_H317,0.0016447645593682487,0.0,0.05071788315838226,-3.0,3.0,13.750054656637133,518.8532657602339,0.2419960970545907,0.8043997927149329,7,0.0023592934253233075
QTD_J33,0.0968425258128821,0.0,0.6816328195356328,0.0,51.0,13.610485338844427,360.71648753576557,3.709730447340056,19.664666254325404,27,0.011236562943480088
QTD_C2,0.03527733421003194,0.0,0.2171367662397859,0.0,18.0,13.58255159454529,600.4231374611279,3.177836746195754,43.0514367864128,11,0.006457824535036633
QT_M134,0.044656558733555105,0.0,0.3568127280723378,0.0,21.0,13.098768606014513,269.7097249909012,2.401163471021882,0.0,17,0.005683622808043998
QT_M135,0.044656558733555105,0.0,0.3568127280723378,0.0,21.0,13.098768606014513,269.7097249909012,2.401163471021882,0.0,17,0.005683622808043998
QT_M188,0.04585346283077849,0.0,0.286050314702577,0.0,23.0,12.90099168601745,393.2000666378729,3.5402283479045815,0.0,16,0.005349292054629645
QT_M183,0.04684976847595326,0.0,0.2935512710402731,0.0,23.0,12.67117347658933,367.30732997034295,3.5402283479045815,0.0,16,0.005349292054629645
QTD_M10,0.03732802861871249,0.0,0.28885401035403524,0.0,15.0,12.654264298797855,249.96558602010873,2.442286153691847,0.0,15,0.005014961301215292
QT_M179,0.5110518898704262,0.0,1.4824599420090896,0.0,116.0,12.574791082612945,485.98780255100485,24.653034814412695,39.02910349208472,48,0.026320551415552156
QT_M158,0.010591598268166698,0.0,0.10971525814607588,0.0,6.0,12.453044292716964,219.68488146027138,1.000651944969158,0.0,7,0.00234031527390047
QTD_H273,0.029578241754567795,0.0,0.20339114192710764,0.0,16.0,12.300355209505302,371.759532647278,2.5700005014961302,0.0,12,0.004011969040972234
QTD_J31,0.3316658828817206,0.0,1.9069815001171677,0.0,86.0,12.088308304435119,230.4463920784713,8.351263280993146,19.664666254325404,64,0.026634815866026874
QT_M145,0.05730094782768593,0.0,0.42110095052778423,0.0,16.0,12.079820277935452,211.82806968138075,2.9865766202504136,0.0,17,0.005683622808043998
QT_M144,0.05730094782768593,0.0,0.42110095052778423,0.0,16.0,12.079820277935452,211.82806968138075,2.9865766202504136,0.0,17,0.005683622808043998
QT_M195,0.038628575249494326,0.0,0.2691753173210782,0.0,13.0,12.049652043934117,237.1403956220092,2.9070059009377975,0.0,13,0.0043462997943865865
QTD_M3,0.08475284599053844,0.0,0.5226607551607659,0.0,28.0,11.922824294483444,245.95121210316293,4.534193677805453,0.0,23,0.007689607328530115
QTD_H288,0.020036442052122166,0.0,0.15725859723695504,0.0,12.0,11.870394436900986,342.5608220799294,1.825780244395781,0.0,8,0.0026746460273148224
QTD_H269,0.031550793199712476,0.0,0.20943221165267423,0.0,16.0,11.746962547701692,337.6496824587966,2.7445211547784223,0.0,12,0.004011969040972234
QTD_M11,0.0488189766135638,0.0,0.3369117085871609,0.0,17.0,11.432495394151632,204.63084833378923,3.115628291068354,0.0,15,0.005014961301215292
QTD_J11,0.901792439873984,0.0,2.326872005024847,0.0,270.0,11.277553889180366,793.4895211280352,12.042266123427401,19.664666254325404,54,0.022473125886960175
QT_M137,0.13004128984804667,0.0,0.6893031223633094,0.0,42.0,11.110542763174609,234.70549171121905,6.5030674846625764,0.0,29,0.009695591849016232
QT_M136,0.13113120810417747,0.0,0.6922140791514582,0.0,42.0,11.05026563009196,231.80739495364813,6.554888751441801,0.0,29,0.009695591849016232
QT_M181,3.3868682382229243,2.0,4.573304489967577,0.0,264.0,10.860158062340966,313.024309482724,7.099968744345193,39.02910349208472,116,0.06360799925425105
QTD_J32,0.22996250317328862,0.0,1.1582714607480005,0.0,55.0,10.845840505740455,199.9256017390492,8.353344125982678,19.664666254325404,41,0.017062928914173468
QT_M185,0.03678975610571539,0.0,0.24772397614185612,0.0,12.0,10.841254524008976,190.29900626274073,2.9070059009377975,0.0,12,0.004011969040972234
QTD_M4,0.12507647815984355,0.0,0.6656293960585927,0.0,28.0,10.597133990543787,192.5639705892194,6.302469032613965,0.0,26,0.008692599588773173
QTD_J18,0.2577834006833495,0.0,1.3124781225664268,0.0,67.0,10.374245677776702,195.6301070675929,7.70203964425874,19.664666254325404,44,0.018311435907893477
IND_M21,0.009204125641497134,0.0,0.09549576012455108,0.0,1.0,10.278921161760632,103.65622024969046,0.9204125641497134,0.0,2,0.0006686615068287056
QTD_H354,0.04785610404373046,0.0,0.2989932407323466,0.0,12.0,10.240746885428559,166.69824376561618,3.5104729108507047,0.0,13,0.0043462997943865865
QTD_H334,0.048665184466993194,0.0,0.3023438138464523,0.0,12.0,10.210750724700226,165.84503127518593,3.5592852008492,0.0,13,0.0043462997943865865
QTD_H181,0.9820672778802015,0.0,2.348997693975758,0.0,262.0,10.127299624991691,672.9209607786726,13.187563205666558,19.664666254325404,55,0.022889294884866847
QTD_M12,0.08309122214606911,0.0,0.4718099462011631,0.0,24.0,10.083995353466953,168.2233084913905,4.891593253205396,0.0,19,0.006352284314872703
QTD_M6,0.276845923672289,0.0,1.1028649224234806,0.0,75.0,9.799799481135253,231.37299060644153,12.209090453185336,0.0,39,0.01303889938315976
QTD_H274,0.06333896123434914,0.0,0.30818904314914386,0.0,23.0,9.747055605081643,263.8363074245161,5.2774109426455595,0.0,16,0.005349292054629645
QTD_H319,-4.381544932743285e-05,0.0,0.016522801028956587,-1.0,1.0,-9.70560494483996,3659.899142034248,0.0273003953501697,0.8043997927149329,3,0.0010111257537099888
QTD_M14,0.14892429080088931,0.0,0.6960325512658513,0.0,39.0,9.623899180588271,189.1457988454306,7.85209207468949,0.0,25,0.00835826883535882
QTD_M5,0.16472810551478578,0.0,0.7875880177919383,0.0,34.0,9.619703773010176,159.64657784528723,7.941692716604537,0.0,29,0.009695591849016232
QT_M190,0.033944601394159245,0.0,0.21856473387747127,0.0,9.0,9.553943528270251,148.38102509339535,2.9070059009377975,0.0,10,0.0033433075341435282
QTD_M13,0.1171394660737868,0.0,0.5876398892180918,0.0,27.0,9.4205160148129,155.25306460438952,6.514769061032079,0.0,22,0.007355276575115762
QTD_J27,0.10726339752046511,0.0,0.5556268941328764,0.0,27.0,9.353901539177443,154.38352514909437,5.795985633846192,19.664666254325404,22,0.009155717953946738
QTD_H270,0.06692967352601929,0.0,0.31653810098545293,0.0,23.0,9.350464919030465,241.13919508034454,5.562929406061416,0.0,16,0.005349292054629645
QTD_H15,0.013894786111900504,0.0,0.12170352769074347,0.0,3.0,9.300340224501175,95.8143174205446,1.3366543521505827,0.0,4,0.0013373230136574112
QTD_H35,0.01132378261814413,0.0,0.1059670948114889,0.0,2.0,9.279061060064267,84.62814736285446,1.1307066080473411,0.0,3,0.0010029922602430585
IND_M97,0.011353872385951421,0.0,0.10594809812554605,0.0,1.0,9.224270243798085,83.08716153061874,1.135387238595142,0.0,2,0.0006686615068287056
QTD_H359,0.015262198893365206,0.0,0.12907693038388063,0.0,3.0,9.128542335876478,93.9278667453985,1.4486551545443906,0.0,4,0.0013373230136574112
QT_M141,0.17490847695625283,0.0,0.7863109465390062,0.0,42.0,9.112909459967897,157.2050870757709,8.612025877200315,0.0,30,0.010029922602430585
QT_M115,1.5887564567626753,0.0,4.089855460450072,0.0,437.0,8.960818637756837,475.88192531347477,18.829842363049764,0.0,89,0.029755437053877398
PERC_M132,-12.239023750360627,0.0,109.9347817438627,-999.0,1.0,-8.864475280905392,76.57897874515731,2.144397452399659,0.0,44,0.014710553150231525
QTD_J5,4.103393025839933,2.0,6.385793051355661,0.0,654.0,8.820979731483952,501.783723367139,7.26964005543371,19.664666254325404,113,0.0470270967634537
QTD_M7,0.38755286605038364,0.0,1.3546888724470523,0.0,81.0,8.786362230464821,187.63358089644848,15.989702612794837,0.0,43,0.014376222396817172
QTD_H271,0.3768743417863292,0.0,0.8915530279169392,0.0,96.0,8.601380970317932,486.5241173142442,24.180137409939654,0.0,27,0.009026930342187526
QTD_H41,0.026913625649855402,0.0,0.18340742638572505,0.0,7.0,8.575090993058028,106.87481922643613,2.389127563898965,0.0,8,0.0026746460273148224
QT_M121,1.6636599187576269,0.0,4.253696830913241,0.0,437.0,8.573837338963026,414.76725321890905,10.112836629277345,0.0,92,0.03075842931412046
QTD_H24,0.013453469517393558,0.0,0.1154673018055833,0.0,2.0,8.505103637435477,71.00782596948042,1.3423379749586266,0.0,3,0.0010029922602430585
IND_M17,0.013660754584510456,0.0,0.11607835033730951,0.0,1.0,8.37951361291947,68.21624838910263,1.3660754584510457,0.0,2,0.0006686615068287056
QTD_H315,0.0005426374878243608,0.0,0.03915675470103482,-2.0,1.0,8.323160400963538,683.2826178503352,0.151331821138595,0.8043997927149329,4,0.0013481676716133185
QTD_H20,0.016984002273449122,0.0,0.13388780020871896,0.0,3.0,8.281947786364881,74.60393216790288,1.6388893532371576,0.0,4,0.0013373230136574112
QTD_M8,0.4896207017602514,0.0,1.5836425597916668,0.0,89.0,8.271921981767791,161.41749224208633,19.031778138112035,0.0,49,0.01638220691730329
QTD_H351,0.03838451379950185,0.0,0.22002791339846148,0.0,12.0,8.193371225843144,142.00005899290025,3.4088363618127415,0.0,11,0.003677638287557881
QTD_J1,0.06486685277745273,0.0,0.3315415583180841,0.0,14.0,8.113447226860423,114.15132370405583,4.90496648334197,0.0,14,0.00468063054780094
QT_M114,2.1086608381671987,0.0,4.95265626458842,0.0,437.0,8.058182469364635,313.01474647437533,12.799184232961668,0.0,105,0.035104729108507045
QT_M70,0.4471830985915493,0.0,2.6251082740442127,0.0,31.0,8.0491970915789,75.35756861799389,6.338028169014084,99.90505006603033,12,4.225352112676056
PERC_M172,-14.646874752179087,0.0,120.58270501128756,-999.0,1.0,-8.040758195797117,62.654281156900396,14.366526804968155,0.0,76,0.025409137259490813
QTD_H272,0.13758044833754032,0.0,0.47622344092002544,0.0,38.0,7.869548108375023,218.275980324228,10.6731749719998,0.0,19,0.006352284314872703
QTD_H323,-0.003458050077688162,0.0,0.08457882225970459,-5.0,3.0,-7.832077697311047,247.17333141551396,0.6450982308669729,0.8043997927149329,9,0.003033377261129967
QTD_H326,0.027536138265650344,0.0,0.17438399748822023,0.0,7.0,7.500405533147341,81.7923509780229,2.6161664011024506,6.838066899583758,7,0.002512093937958457
QT_M120,2.300346032329784,0.0,5.286160162969679,0.0,437.0,7.497240512935728,251.5768261841256,9.67252302703064,0.0,112,0.03744504438240752
QTD_C10,0.024451671989479618,0.0,0.1637820029572804,0.0,5.0,7.431529781388501,67.44931411493471,2.313662408416307,43.0514367864128,6,0.0035224497463836185
QTD_H303,0.0017458771347392476,0.0,0.06271853611231656,-3.0,2.0,7.402969967139527,305.47932521053497,0.37580173846221254,0.8043997927149329,6,0.0020222515074199776
QTD_C15,0.03264136764982153,0.0,0.19568411046516554,0.0,6.0,7.367395315593688,77.9510011951361,3.0017142588765733,43.0514367864128,7,0.004109524704114222
QTD_J4,1.6095544078539414,0.0,3.509634934304676,0.0,270.0,7.0067196754321515,193.89077661263914,8.381227448842427,19.664666254325404,74,0.030796505845093577
QTD_H318,0.0007751964111776581,0.0,0.04800805720955467,-1.0,1.0,6.957577007208325,430.54574705639936,0.23053667184587748,0.8043997927149329,3,0.0010111257537099888
QTD_H338,0.2663713411678173,0.0,0.7112845317898292,0.0,59.0,6.843960874092451,208.64571900690962,18.424299159158156,0.0,23,0.007689607328530115
QTD_H328,0.16872670132562143,0.0,0.5838873689334312,0.0,26.0,6.839943346723138,97.79459668009699,11.530064693000785,0.0,21,0.007020945821701409
QTD_H45,0.02132361545276742,0.0,0.14455357206908445,0.0,2.0,6.64035531288321,42.2165235476463,2.131024222263085,0.0,3,0.0010029922602430585
QTD_H9,0.021326958760301565,0.0,0.1445646427110759,0.0,2.0,6.639797833606976,42.20908275642478,2.131358553016499,0.0,3,0.0010029922602430585
QT_M164,0.09813276274218084,0.0,0.3850387143267664,0.0,20.0,6.501160065045068,97.98777448676783,7.792246869828322,0.0,15,0.005014961301215292
QTD_H304,0.006683541232023027,0.0,0.10004661125333117,-1.0,2.0,6.4937209026053875,95.99471450825368,1.0043849153519224,0.8043997927149329,4,0.0013481676716133185
QT_M192,0.7211313752695542,0.0,1.6725457321192867,0.0,87.0,6.318749415296179,105.6636727748466,9.678206649838685,0.0,52,0.017385199177546346
QTD_H337,0.05538857591815583,0.0,0.27477887191130057,0.0,8.0,6.256073239816091,52.28618217239578,4.60306581300881,0.0,8,0.0026746460273148224
QTD_H56,0.024131993781447987,0.0,0.15354629901508374,0.0,2.0,6.212973909761641,36.697067339248186,2.411862055131141,0.0,3,0.0010029922602430585
QTD_H21,0.024322562310894167,0.0,0.1541356583125255,0.0,2.0,6.186632599887769,36.36898688321143,2.430918908075759,0.0,3,0.0010029922602430585
QT_M67,0.4786497403346797,0.0,1.208784594737491,0.0,23.0,6.041548035761528,63.78981517835979,4.500865551067513,98.84120960866585,16,0.4616272360069244
QTD_H281,0.04586014944584678,0.0,0.2316030926921548,0.0,7.0,6.005894992148796,48.861182248378434,4.17378512562478,0.0,8,0.0026746460273148224
QT_M73,0.05377800349867389,0.0,0.2578069476804966,0.0,5.0,5.981859362454755,48.53333244562671,4.773996952767902,94.07532471874426,6,0.03385813441679363
QT_M165,0.06967452901155113,0.0,0.29813656907633534,0.0,12.0,5.794138364956523,59.697843164555024,6.0493806522793,0.0,10,0.0033433075341435282
QTD_C11,0.06284050347548376,0.0,0.27136567552785457,0.0,14.0,5.772632892767014,75.71255777172567,5.708716888972384,43.0514367864128,8,0.004696599661844825
QT_M72,0.2990551767981235,0.0,0.7655251725822395,0.0,19.0,5.571372333889263,61.17919143977764,20.792686936887563,84.74883402149746,18,0.039458973628252625
QTD_H7,0.033827585630464216,0.0,0.1842112660771461,0.0,5.0,5.531605942199475,32.91710529097375,3.3255880042125674,0.0,5,0.0016716537670717641
QTD_H18,0.039564701359054516,0.0,0.20268695730528075,0.0,5.0,5.406385833895991,33.60203601313767,3.8170542117316657,0.0,6,0.002005984520486117
PERC_M152,0.03184209195666572,0.0,0.16520242622333198,0.0,1.0,5.339818488617115,27.443323412663588,4.131993781447987,0.0,146,0.04881228999849551
QTD_C16,0.3631997933496149,0.0,0.8147893312364402,0.0,27.0,5.289487488114339,61.999790826601114,2.0447820777756904,43.0514367864128,23,0.01350272402780387
QTD_H344,0.08537470119188914,0.0,0.3319669293778907,0.0,10.0,5.130172448871132,40.25516329026989,7.317831530733354,0.0,10,0.0033433075341435282
QTD_H48,0.27701977566406444,0.0,0.7360755275180393,0.0,20.0,5.056016000334152,45.80575410396381,19.024757192290334,0.0,20,0.0066866150682870565
QT_M154,0.22737165878203305,0.0,0.5296295652888946,0.0,45.0,5.045242910749364,187.65302477030343,19.08426806639809,0.0,15,0.005014961301215292
QTD_H12,0.27312482238678726,0.0,0.7269206110889971,0.0,20.0,5.033963009703502,45.42029652472115,18.86628441517193,0.0,20,0.0066866150682870565
QTD_H33,0.2732184349977433,0.0,0.7270417977727377,0.0,20.0,5.0326480059702385,45.39474653288324,18.87163370722656,0.0,20,0.0066866150682870565
QT_M75,0.07407407407407407,0.0,0.3027213432188283,0.0,3.0,5.025933054850148,31.970491602174,6.552706552706552,99.88264990555156,4,1.1396011396011396
QTD_H59,0.27218535296969293,0.0,0.7245301830741849,0.0,20.0,5.011594834422879,44.84890336435066,18.817806455926846,0.0,20,0.0066866150682870565
QT_M187,0.534357499874626,0.0,1.1046424847428404,0.0,56.0,4.923475656619816,92.30611531320928,5.604386419484796,0.0,33,0.011032914862673642
QTD_H46,0.10118185921331974,0.0,0.3559933680935151,0.0,15.0,4.882838930546268,45.741173487141225,8.793901807057722,0.0,12,0.004011969040972234
QTD_H57,0.10134902459002691,0.0,0.35580489358710443,0.0,15.0,4.858957454312823,46.2645317390874,8.809615352468196,0.0,12,0.004011969040972234
QTD_H25,0.10136908443523178,0.0,0.3556111964555846,0.0,15.0,4.856944628138822,46.30142609714574,8.818642282810385,0.0,12,0.004011969040972234
QTD_H10,0.09983116296952575,0.0,0.35113870398397745,0.0,15.0,4.777073966291535,43.30681595204689,8.723692348840709,0.0,11,0.003677638287557881
QT_M160,0.24823055448755454,0.0,0.5537549987172788,0.0,45.0,4.776688532381362,160.82532006382283,20.68303772922552,0.0,16,0.005349292054629645
QTD_H311,-0.0002999673069339634,0.0,0.030663661549721496,-2.0,4.0,-4.763546695331489,2066.909682675984,0.08695681481905905,0.8043997927149329,5,0.0016852095895166482
QTD_H43,0.055997057889369956,0.0,0.24347635625742303,0.0,5.0,4.642427138406244,24.829010124356955,5.304157402918708,0.0,6,0.002005984520486117
QTD_C17,0.9501044993424761,0.0,1.594625329605676,0.0,55.0,4.572064988079637,50.880782614733086,11.0880847266579,43.0514367864128,39,0.02289592335149352
PERC_M176,-44.07130575529061,0.0,205.61688915176327,-999.0,1.0,-4.428885535207159,17.615096038706078,23.622808043997928,0.0,1419,0.4744153390949667
QTD_H186,114.93684733963202,76.0,130.77877579229323,0.0,1468.0,4.383543820401402,39.67258327823642,0.7707608155146694,94.6212868390699,475,2.952511188463451
QT_M71,1.2527973476999585,0.0,2.6479280690441915,0.0,26.0,4.364056556552323,26.010137556557133,14.794861168669707,99.19325989201117,25,1.0360547036883547
QT_M182,0.6721051135888735,0.0,1.4312910831212617,0.0,56.0,4.209810543783542,47.269193820004,9.117199645609402,0.0,34,0.011367245616087996
QT_M69,0.11357340720221606,0.0,0.38852817109612936,0.0,3.0,4.1715160530588085,20.809426895377726,9.418282548476455,99.87930659801741,4,1.10803324099723
QTD_H6,0.4425068119891008,0.0,0.8861360709402459,0.0,22.0,4.166546971522288,34.70058047581197,2.926062753882416,0.0,23,0.007689607328530115
QT_H180,0.44039049831998794,0.0,0.8821502134614014,0.0,21.0,4.136635753813434,34.01460927709024,2.906337239430969,0.0,21,0.007020945821701409
QTD_H221,133.40772014475272,107.0,123.47919124532183,-2.0,1474.0,4.069393561255082,38.9941065474298,0.30156815440289503,99.445679610839,333,20.084439083232812
QTD_H91,0.13941592417378512,0.0,0.42059822845273565,0.0,20.0,4.029646922582728,36.278970816691306,11.661456679092625,0.0,11,0.003677638287557881
QTD_H324,0.07598725291761767,0.0,0.28245524569398356,0.0,6.0,3.9692407609038485,18.4235230517956,7.166286263870347,6.838066899583758,7,0.002512093937958457
QTD_H376,0.12636030825295466,0.0,0.39752906162742685,0.0,9.0,3.8449816028322545,20.527640502238917,10.666154026178098,0.0,10,0.0033433075341435282
QT_M178,1.4504049526504248,1.0,1.5811218150054658,0.0,101.0,3.732211452703658,101.76869754335819,2.414362247555753,39.02910349208472,33,0.01809537909819211
QT_M68,0.06060606060606061,0.0,0.24230584229877994,0.0,1.0,3.683003683005526,11.564516129032262,6.0606060606060606,99.98896708513733,2,6.0606060606060606
QT_M66,0.263027358084681,0.0,0.5402262661075227,0.0,15.0,3.649237574399275,39.87546848985244,23.144281628831017,86.78958894033867,13,0.032900564371219604
QTD_M15,3.655903445278414,0.0,9.494287232080147,0.0,102.0,3.643923478269692,14.323348600089911,17.83019341034085,0.0,74,0.024740475752662108
QTD_L25,8.999376335455601,8.0,5.5524597043702055,0.0,122.0,3.6130914698876384,54.09490076399833,1.3330151740295237,38.35141505491383,63,0.034165970693189586
QTD_H17,1.668136607545845,1.0,1.2387324845137921,1.0,40.0,3.6058702866411547,27.19986257060485,7.121245047725715,0.0,28,0.00936126109560188
QT_H178,1.6634860667658515,1.0,1.2378405367904146,0.0,40.0,3.581591453752209,26.96267640313053,7.093161264438909,0.0,29,0.009695591849016232
PERC_M162,-63.680661712203324,0.0,244.06501062888614,-999.0,1.0,-3.571318413662625,10.754316751961372,7.010915899098978,0.0,12,0.004011969040972234
PERC_M122,-63.73892713587785,0.0,244.18649465508105,-999.0,1.0,-3.5690266692849857,10.737954603876345,8.850403704384748,0.0,202,0.06753481218969927
QTD_H94,0.13492251884789622,0.0,0.4045727099171528,0.0,7.0,3.5666348226316713,16.52400666245015,11.527055716220056,0.0,8,0.0026746460273148224
QTD_H185,154.2540214477212,126.0,139.9734322781061,0.0,1469.0,3.462314320598407,26.69012244800679,1.094727435210009,95.51060664315207,580,4.3193327375633
QT_M161,0.15728924625131643,0.0,0.4274649806097372,0.0,10.0,3.43207465233579,18.588935539041316,13.784791294027182,0.0,10,0.0033433075341435282
QT_M155,0.15418331355209708,0.0,0.42217778983971344,0.0,10.0,3.4149227660017076,18.06472988582771,13.544741813075674,0.0,10,0.0033433075341435282
QTD_H377,0.1836311663128333,0.0,0.46592405156859124,0.0,22.0,3.365986029601387,29.765477931440067,15.6580465054078,0.0,12,0.004011969040972234
QTD_H301,0.0034883838502994618,0.0,0.101512161913519,-3.0,2.0,3.27034994846641,112.74555792615226,0.9844994421956259,0.8043997927149329,6,0.0020222515074199776
QTD_H88,0.19029437822838133,0.0,0.49672897818723294,0.0,9.0,3.2609567986143357,14.780981131539448,15.356814496581467,0.0,10,0.0033433075341435282
QTD_H373,0.18389863091556477,0.0,0.4643520714455593,0.0,16.0,3.1499539973017567,17.39490595515733,15.742632186021632,0.0,11,0.003677638287557881
QTD_H189,220.6833807185319,192.0,181.07561107673794,0.0,1469.0,3.0702265915419704,18.02708283437128,1.5895580253295425,97.41294863007974,601,7.766864822951668
QTD_H51,0.2467294094047241,0.0,0.6013036566748883,0.0,10.0,3.055207264728866,12.282820273367753,17.971280988281706,0.0,11,0.003677638287557881
QTD_H97,0.22986242289497,0.0,0.5369842714246941,0.0,13.0,3.0226986242449256,14.728177407392142,18.696110061684024,0.0,14,0.00468063054780094
QTD_H30,0.3878337038832517,0.0,0.6194323175814686,0.0,35.0,2.9896429874337107,56.394241889777504,0.657628591966032,0.0,16,0.005349292054629645
QTD_H42,0.70258604837766,0.0,1.1082797362460448,0.0,22.0,2.920891637376061,16.831360611817345,6.219220675013791,0.0,23,0.007689607328530115
QT_H179,0.7003426890222497,0.0,1.104814745362773,0.0,21.0,2.9074269298773796,16.60901297628997,6.185453268918942,0.0,21,0.007020945821701409
QT_M184,3.533909496665051,2.0,5.177894879967377,0.0,111.0,2.8270018883849084,13.274431002818353,6.115578141455342,0.0,74,0.024740475752662108
QT_M194,3.5771184032363217,2.0,5.237590025735295,0.0,111.0,2.8143980378507236,13.123566121620552,6.280737533642032,0.0,75,0.025074806506076464
QT_M189,3.3124187158355762,1.0,4.854292672699638,0.0,87.0,2.7453358998205766,11.80260452885768,5.379047491683522,0.0,67,0.022400160478761637
TAX_F86,2.8232807166496285,2.3,2.013923340488296,0.0,27.2,2.5736722437159707,10.765602345996705,4.1716770918164015,3.5238461409872786,99,0.03430769497340287
QTD_H313,0.025861226360722484,0.0,0.23266075055166946,-12.0,12.0,2.497373945623112,129.17942077399064,4.395026609459418,0.8043997927149329,16,0.005392670686453274
QTD_H199,59.06616442843105,39.0,67.7718172393351,0.0,719.0,2.4675505917759115,8.867466469763812,6.74746151326564,98.97928820982598,295,9.662626924336717
QTD_F82,1.4360973867492113,1.0,0.9131487087021994,0.0,8.0,2.429268124831421,8.869731122011665,4.341528265571363,49.45219906053058,8,0.005291320250544014
QT_M74,0.11538461538461539,0.0,0.32581259360842113,0.0,1.0,2.407717061715384,3.7971014492753614,11.538461538461538,99.99130740041122,2,7.6923076923076925
QTD_H372,0.40621520870597283,0.0,0.694674578800083,0.0,19.0,2.3148920099500394,10.877106171326318,1.5091690209123887,0.0,14,0.00468063054780094
QTD_H100,0.9001354039551328,1.0,1.210501225606907,0.0,38.0,2.3077634357351267,13.498216329244645,9.424783938750606,0.0,24,0.008023938081944468
QTD_H193,392.880464778504,388.0,206.82285204962443,0.0,1469.0,2.2816892664063397,10.878624314956669,5.519244734931009,97.69813276274219,764,11.096586782861293
QTD_H119,64.5800851621356,44.0,69.23140501790283,0.0,719.0,2.2571375669570637,7.549111065443997,6.9439895185063865,98.97928820982598,300,9.82640026203734
QTD_H374,0.7691613313050601,1.0,0.9276597783440905,0.0,20.0,2.245819708751271,12.821677513494247,4.4432557128767485,0.0,19,0.006352284314872703
QTD_H182,57.87092492602932,39.0,63.433255600181546,0.0,1321.0,2.133339921654391,7.903901747804007,4.40647933000117,0.0,617,0.20628207485665567
QTD_H375,0.43285468313802844,0.0,0.6869657416939036,0.0,13.0,2.0764262281949257,7.700418733103177,1.396833887765166,0.0,12,0.004011969040972234
QT_M86,0.36637635612911856,0.0,0.6885939680598983,0.0,6.0,2.0303633241120025,4.147191091405093,1.5987696628274353,0.0,7,0.00234031527390047
TAX_F83,1.6414126153164064,1.4,1.0672429908869157,0.0,14.2,2.0201997988592555,7.41630545194694,3.5496137646436914,1.969208137610538,91,0.0310352471735757
QTD_F81,1.2358625137994765,1.0,0.6763080445619704,0.0,4.0,1.9977296462598104,5.2351175872518105,23.872784331237053,73.04658899048829,5,0.006202011932670958
FLG_N2,0.1488072750371943,0.0,0.35589899326946245,0.0,1.0,1.9735560857348071,1.8949236235408966,14.880727503719429,0.0,2,0.0006686615068287056
FLG_E24,0.14897078799277536,0.0,0.3560610039468771,0.0,1.0,1.9717437072344064,1.8877732470184814,14.897078799277535,55.20435967302453,2,0.001492693266460675
QT_M56,215.97252208047104,118.0,253.85920198031167,0.0,1583.0,1.9383152328142443,3.8970048589993898,7.533938501799149,83.64721418899718,1403,2.868416748446189
QTD_H188,80.49740922950298,58.0,82.46057788802374,0.0,979.0,1.8496940404659354,4.733070889989288,4.866346171832619,28.50804901288845,649,0.30350361959632616
IND_M16,0.16352785811002826,0.0,0.3698472050088146,0.0,1.0,1.8195227639926954,1.3106630886876172,16.352785811002825,0.0,2,0.0006686615068287056
FLG_N1,0.1660286521455676,0.0,0.3721069762026729,0.0,1.0,1.7950316844282548,1.2221387481013366,16.60286521455676,0.0,2,0.0006686615068287056
QTD_H202,80.98417483044462,48.0,91.00463527083585,0.0,457.0,1.776663540972272,2.600748471551638,11.152976639035419,99.55634309021916,284,21.4016578749058
TAX_F85,14.39652544181461,12.7,6.811250939636045,2.5,53.1,1.7624519246217216,4.207245729164941,8.023631196159931,1.3045585998228046,294,0.09959248381622138
QTD_H223,54.09422936449963,44.0,45.45509676525374,-2.0,271.0,1.6852257598590301,4.278973685738765,3.214024835646457,99.54230119857576,168,12.27173119065011
QTD_H197,157.1907968574635,120.0,147.88905441333537,0.0,1461.0,1.649647529312298,7.940180388534678,0.18705574261129815,99.10633389612343,401,15.001870557426114
FLG_H128,0.18197622908343225,0.0,0.38582558082814544,0.0,1.0,1.6485392278081727,0.7176815856223695,18.197622908343224,0.0,2,0.0006686615068287056
QTD_H122,88.60813865862849,59.0,93.1301260935524,0.0,457.0,1.6292224267520232,2.029778408016269,11.680482290881688,99.55634309021916,297,22.38131122833459
QTD_H23,0.7143210578225038,1.0,0.7639288797601567,0.0,19.0,1.6029284029231894,7.128940647441439,2.483743167115227,0.0,14,0.00468063054780094
QTD_H190,87.64576786088413,75.0,72.90548403595197,0.0,438.0,1.5851097010816646,3.1652952444875453,5.733640617361548,80.85087176743953,434,0.7577344786647112
QT_M61,137.98656011623683,61.0,169.53082969642924,0.0,841.0,1.5301478689752175,1.7483426910899187,5.0127134035597525,99.07958743585029,550,19.978205593897567
TAX_F84,4.825628186668924,4.5,1.3909872664654415,0.9,14.8,1.521895076202121,4.434857087224444,2.890488693148132,1.3139198609184066,121,0.040992631489794186
QTD_H306,0.09893865500052242,0.0,0.3890780480684545,-5.0,6.0,1.4968724652123628,7.9512813110114635,13.777262478134405,0.8043997927149329,12,0.004044503014839955
QT_M62,334.25319745371723,204.0,353.740463767491,0.0,2618.0,1.494118520830536,2.147762418068849,4.069088360684459,77.10101803714414,1800,2.628044151141739
ID_CLIENTE_ANON,11590421.421333645,11278654.0,3168169.539380425,156836.0,22938111.0,1.493094028293906,3.3876941644771197,4.1975226091171995,0.0,298973,99.9558683405493
FLG_N3,0.2018588789889838,0.0,0.40138810471989683,0.0,1.0,1.4855528397337432,0.20686723964098874,20.18588789889838,0.0,2,0.0006686615068287056
QT_M57,175.40210474791974,111.0,184.05523380839833,0.0,1001.0,1.4548821645278485,1.7919872004901087,4.527655408712677,98.63392454154895,684,16.740088105726873
QTD_H226,61.92307692307692,44.0,57.63735141544558,-1.0,253.0,1.4093942616066901,1.4613713066136125,6.837606837606838,99.8044165092526,175,29.914529914529915
IND_M22,0.22898981962855852,0.0,0.42018337950185425,0.0,1.0,1.2899636046007403,-0.3359938988054654,22.898981962855853,0.0,2,0.0006686615068287056
FLG_A6,1.3181818181818181,1.0,0.5181688363048742,1.0,3.0,1.2786318206547158,0.6017732035464074,0.0,99.98528944684976,3,6.8181818181818175
QTD_H104,242.66485013623978,267.0,79.77895994330804,1.0,521.0,-1.2525843299581263,1.9284773772953514,11.716621253405995,99.87730061349693,157,42.77929155313351
QTD_H325,5.159357327655288,4.0,4.425955867474514,0.0,29.0,1.2211808039358725,2.071173296362944,2.1229709000160266,41.58974273248525,30,0.01717150903221375
QTD_H200,137.93026962412006,147.0,94.91121780704002,0.0,615.0,1.1600227438151618,3.688498399402098,1.939168548279984,97.48282375754333,446,5.923761455704609
QT_M33,711.0300368590089,691.0,362.9869585720849,0.0,2662.0,1.1356371776822922,3.374327537774292,3.6578794214644454,68.97878671369585,2438,2.627551570279999
QTD_H120,143.05737813786692,157.0,94.77611294572881,0.0,615.0,1.1258741481132493,3.7326250450022904,2.1649621463673796,97.48282375754333,451,5.990171337495019
FLG_H129,0.2562478059544307,0.0,0.4365609981250343,0.0,1.0,1.1166943568607652,-0.7529937133553215,0.0,0.0,2,0.0006686615068287056
QTD_H307,4.381544932743285e-05,0.0,0.03881469478228832,-1.0,2.0,1.0917069488370386,678.571909171475,0.14964661154907835,0.8043997927149329,4,0.0013481676716133185
QTD_H206,75.87464451206174,57.0,66.97070665467213,-7.0,636.0,1.0872372311389051,0.8046193375278428,1.5338185867987193,32.75538690426439,441,0.2192589940934312
FLG_A10,1.502183406113537,1.0,0.625653722317506,1.0,4.0,1.0686244442555055,1.0763839916399398,0.8733624454148471,99.9234382574681,4,1.7467248908296942
QT_M27,246.8220753793441,191.0,213.24084317214854,0.0,1030.0,1.0647369236461732,0.5226354468768148,2.178169358786099,98.63392454154895,790,19.334312285854136
QTD_H308,0.006110569971587367,0.0,0.17268846212754474,-11.0,6.0,-1.04799550486943,170.88352768157577,2.260203101459729,0.8043997927149329,15,0.0050556287685499446
QTD_H208,198.9388888888889,225.0,86.50787162978405,1.0,339.0,-1.024626447682143,-0.01765622751842466,6.944444444444445,99.87964092877083,168,46.666666666666664
QTD_H194,227.4873417721519,269.5,98.40684821580525,0.0,395.0,-1.0153725332484758,0.10000280896039415,8.544303797468354,99.89435148192106,158,50.0
QTD_H114,236.79113924050634,276.0,103.37228475065756,0.0,409.0,-0.9679866653915062,-0.030491034999272415,7.2784810126582276,99.89435148192106,172,54.43037974683544
QTD_H218,219.53135313531354,244.0,88.3617161891849,0.0,383.0,-0.9160243700202667,0.3958657314987515,8.91089108910891,99.89869778171546,170,56.10561056105611
QT_M58,343.01851851851853,288.5,261.5512136971325,5.0,1057.0,0.893996625295895,0.23225586158251277,0.0,99.98194613931562,50,92.5925925925926
QTD_H105,177.1840929401251,152.0,124.58271958695012,0.0,1029.0,0.8909820333674939,1.4694866346147961,0.655347036044087,95.51060664315207,602,4.483169496574322
QTD_H183,203.83106267029973,230.0,91.7341657974318,0.0,484.0,-0.8758569443751762,0.18889945959127585,7.3569482288828345,99.87730061349693,177,48.228882833787466
QT_M28,356.0740740740741,288.5,271.41716494792985,5.0,1057.0,0.862523223533126,-0.007096850612110739,0.0,99.98194613931562,51,94.44444444444444
QTD_H213,140.53474378881987,128.0,98.26224107921952,-2.0,1463.0,0.8409132071970105,5.474338306170143,0.019409937888198756,98.27752795840925,401,7.783385093167702
QTD_H212,104.14814867316852,91.0,77.08621500342467,0.0,685.0,0.8339033902366255,0.7336597606438087,0.6378997505103198,52.82994266227578,529,0.3749432977999546
QTD_H196,124.64133183478505,93.0,107.44459530129765,0.0,560.0,0.8244019678459236,-0.2252568022727588,0.3652711435796572,97.62023369719664,453,6.3641472323686425
QTD_H195,130.66090233126747,109.0,105.29350987772325,0.0,665.0,0.8242422240119741,0.25636191483758797,0.7690938774246961,56.7900904364688,620,0.4797165030214402
IND_M23,0.3102121328630414,0.0,0.46258110736694896,0.0,1.0,0.8205617625745579,-1.3266783938005355,0.0,0.0,2,0.0006686615068287056
QTD_H222,77.9839089800894,61.0,65.64887910368624,0.0,363.0,0.817466006634282,0.009853501013056931,0.35486929432480024,87.65818023770917,317,0.858729513747799
QTD_H214,89.07882175450746,81.0,61.853280424281984,0.0,373.0,0.8034106643746267,0.7116688282864012,1.1376845645883313,86.48200464719747,365,0.9027279697276976
QTD_H117,159.91283202394314,121.0,142.31273635497425,0.0,762.0,0.7699418763683215,-0.5522627144035539,0.03741114852225963,99.10633389612343,417,15.600448933782268
QT_M59,231.23008849557522,213.5,160.18343192819194,1.0,692.0,0.7123929936378063,-0.17939519411347105,0.4424778761061947,99.84888249945672,318,70.35398230088495
ANO_MES,202238.76363150065,202210.0,45.78723665081823,202201.0,202306.0,0.7006502698209676,-1.4901003266698851,0.0,0.0,18,0.006017953561458351
QTD_H210,109.99728813559322,87.0,85.17742605721001,-1.0,423.0,0.6785278876032477,-0.4871820780187379,0.26150121065375304,96.54803497099681,378,3.6610169491525424
QTD_H110,139.42459319784902,118.0,92.28726140433673,0.0,438.0,0.6723453250917211,-0.043694292863500905,1.4299182903834067,80.85087176743953,439,0.7664641385571618
QTD_H106,125.67168075584287,98.5,106.16546273423954,0.0,535.0,0.6474402300503675,-0.581240283214389,0.012431626056688214,94.6212868390699,473,2.940079562406763
QTD_H108,179.87572719280195,162.0,139.44943279030076,0.0,1060.0,0.6407157958606601,-0.21511059650240805,0.2441123103686938,28.50804901288845,769,0.3596213920948764
QTD_H205,141.1894689468947,114.0,106.66240339387132,0.0,645.0,0.6376549235514017,-0.4204873892075023,0.14787193005014787,94.79981946139316,472,3.0345891732030346
QTD_H227,96.68003586859052,84.0,70.24328752590998,0.0,761.0,0.6312444903451592,-0.2768226326300005,0.07336757153338225,91.79752929573228,331,1.3491481209749734
QTD_H116,145.08359089631918,122.0,114.15516831821918,0.0,587.0,0.6202402191551342,-0.5311446278759417,0.09834223096375386,97.62023369719664,479,6.7294183759483
QT_M32,653.6666325994277,594.0,463.365301333064,0.0,2660.0,0.6191309599578991,-0.07155578637888205,0.4964083396601063,77.10101803714414,2285,3.3361560474215963
QT_M63,639.4276399456814,651.0,316.9214669548075,0.0,2633.0,0.5931536331754624,2.4389763213768516,1.5293255448020175,68.97878671369585,2153,2.3203931627616234
FLG_A3,1.6363636363636365,2.0,0.48420012470625223,1.0,2.0,-0.5669467095138415,-1.6785714285714277,0.0,99.9742565319871,2,2.5974025974025974
QTD_H125,148.82101067249582,121.0,107.31708908212211,0.0,645.0,0.5642820771863222,-0.4975234547542575,0.07072135785007072,94.79981946139316,482,3.098881316703099
QTD_H220,112.03236752806056,97.0,80.92267847777512,-1.0,339.0,0.5619181235814892,-0.6932729868196392,0.0,98.71917888366961,322,8.405116157661185
QTD_H209,130.70978205778002,113.0,91.57936791183994,-4.0,423.0,0.5548580746826396,-0.5822696994535272,0.01013684744044602,96.7018271175674,409,4.145970603142423
QTD_H198,108.49707669820755,102.0,82.84392784087716,0.0,430.0,0.5515364886945572,-0.2634289844453943,0.40387722132471726,73.92420721820096,429,0.550042310946996
QTD_H229,108.59698314108252,86.0,90.30691277392835,-3.0,544.0,0.53263491955975,-0.954186883776917,0.026619343389529725,96.23209240902024,318,2.8216503992901507
QTD_H327,9.971244022930811,9.0,6.856851868179669,0.0,29.0,0.5032499612796628,-0.5376066590143229,0.0,49.37831196402601,30,0.019813489023327083
QTD_H224,118.0256641152634,121.0,72.48787811339434,-1.0,441.0,0.49046598279148157,0.4683946661365246,0.9004952723998199,98.51490279333345,348,7.8343088698784324
QT_M26,563.9662659470068,509.5,390.6814725185294,0.0,1592.0,0.4820283234839884,-0.7192571179286982,0.0,83.64721418899718,1591,3.252780503761858
QTD_B36,8.0,6.0,7.211102550927978,2.0,16.0,0.47033046033698594,-1.4999999999999998,0.0,99.99899700773976,3,100.0
QTD_H219,107.64031203261092,97.0,75.22305212837634,-7.0,359.0,0.4658863725041392,-0.750154643131979,0.0014663186603712719,77.19931127864797,344,0.5044136191677175
QTD_B46,12.263157894736842,11.0,5.434888379341975,5.0,22.0,0.46466453443810746,-1.0140030606836212,0.0,99.99364771568513,11,57.89473684210527
QTD_H225,199.34001542020047,212.0,79.76530670748141,-3.0,438.0,-0.40314479189325775,-0.10138033582303674,0.05140066820868672,98.69911903846476,390,10.023130300693909
QTD_B34,13.695652173913043,15.0,6.663569768175011,1.0,23.0,-0.39621206290651556,-0.7398721704619509,0.0,99.99231039267147,14,60.86956521739131
QTD_H228,236.32424006235385,240.0,75.28582621456525,5.0,429.0,-0.37617744153648275,0.6647080628673363,2.6500389711613406,99.5710536433694,323,25.175370226032733
QTD_H300,0.15685930859220962,0.0,0.6099404398666272,-15.0,12.0,0.36938164563324194,14.102644899796875,25.508006430759796,0.8043997927149329,23,0.007751964111776581
QTD_B47,9.461446264482621,8.0,6.939444294474604,0.0,24.0,0.3686723055973461,-1.0903022011128825,0.0,99.16317012420387,25,0.9988014382740711
QT_M30,572.6443661971831,603.0,248.80178638441774,4.0,979.0,-0.3664355094956986,-0.7018555271553026,0.0,99.90505006603033,238,83.80281690140845
QTD_H207,170.01074864536105,197.0,86.8886460423899,-7.0,388.0,-0.327879150035824,-0.8025328045239566,0.0,84.88323498437003,394,0.8713922370894615
QTD_H123,149.5308651911469,135.0,82.07393706392291,6.0,460.0,0.32485251784746655,-0.5103169825466822,0.048289738430583505,91.69188077765334,416,1.6740442655935612
QTD_H191,168.81619537275066,186.0,90.47054354205709,0.0,469.0,-0.3211793155158606,-0.9627276038806314,0.0,99.47978134768726,317,20.37275064267352
QTD_H111,196.06298200514138,203.0,98.26087015217881,0.0,478.0,-0.30738415189678087,-0.6637002921037967,0.0,99.47978134768726,372,23.90745501285347
QTD_H203,134.76144869215292,121.0,76.66423836178892,6.0,432.0,0.30046861848896267,-0.8376890841395288,0.03219315895372234,91.69188077765334,381,1.5331991951710262
QTD_B45,13.766443572582507,13.0,5.041738094519018,0.0,24.0,0.2740498423171463,-1.0737283332909764,0.0,98.55134484545562,25,0.5769674590353104
QTD_F43,53.97474465488708,55.0,14.770182016157557,18.0,80.0,-0.23022151013644007,-0.773222940109004,0.0,0.0,63,0.02106283746510423
M88,9867.400839170192,0.0,11043.41898750347,0.0,23190.0,0.22704398134457435,-1.9457015266690219,0.0,0.0,2466,0.824459637919794
IND_M87,0.4441082562979556,0.0,0.4968671234560333,0.0,1.0,0.2249769988610178,-1.949385349983489,0.0,0.0,2,0.0006686615068287056
QTD_H115,193.11107758253831,202.0,118.9595895966237,0.0,677.0,0.2247714017178186,-0.3637167798880614,0.22747847078758618,56.7900904364688,638,0.49364375633496593
QTD_H118,151.84241095468883,155.0,89.72681847516881,0.0,432.0,0.21888039444252266,-0.468265158765766,0.02436084827037977,73.92420721820096,433,0.5551709105828653
QTD_H216,156.44628099173553,160.0,84.90361851821216,1.0,382.0,0.1922747036140512,-0.37314161144772573,0.0,99.83818391534746,247,51.03305785123967
QTD_H204,370.36671575846833,355.5,125.45731048558237,7.0,646.0,0.19060127310889285,-1.0944805875659465,0.0,99.54597883686331,407,29.970544918998527
QTD_H316,0.017667737336492538,0.0,0.27979687305271844,-11.0,8.0,-0.18630154020394046,110.65834705121486,4.497824394419934,0.8043997927149329,20,0.006740838358066593
QTD_B39,11.43859649122807,12.0,6.225000125816548,0.0,21.0,-0.18575211666011654,-1.1520342877507073,0.0,99.98094314705538,22,38.59649122807017
QTD_H109,279.13377278014735,278.0,153.3652301338503,0.0,1454.0,0.1756855489332781,-0.5505151578230776,0.025849812588858732,97.41328296083314,610,7.884192839601913
QT_M65,634.0361635220125,618.5,363.8240363889518,0.0,1437.0,0.17544858077237177,-0.8504128314332893,0.0,99.57473128165695,783,61.556603773584904
QT_M60,508.64084507042253,512.0,260.93412898381325,0.0,960.0,-0.17105756763283675,-0.8186687342623733,0.0,99.90505006603033,243,85.56338028169014
QTD_H217,157.90219298245614,130.0,98.57790576357027,-1.0,341.0,0.16989193322519341,-1.3414421719303609,0.0,98.47545176443056,340,7.456140350877193
FLG_E23,0.541950151284666,1.0,0.49823790979134513,0.0,1.0,-0.16839433767108722,-1.971643347040316,0.0,0.0,2,0.0006686615068287056
QTD_B35,10.624183006535947,10.0,6.731326580032686,0.0,23.0,0.15068230780428754,-1.1229181037789862,0.0,99.8976947894552,24,7.8431372549019605
QTD_H184,213.62034844516927,219.0,124.78866168041765,0.0,692.0,0.14963408693989216,-0.308944339130508,0.5990371497122426,78.68006218552014,631,0.9895090090796468
QTD_H124,377.70692194403534,363.0,128.34536057311874,7.0,646.0,0.10426612238288172,-1.1870453793567586,0.0,99.54597883686331,407,29.970544918998527
QTD_B27,12.041251778093883,13.0,6.893347436961229,0.0,23.0,-0.10340722261736679,-1.2309780482163832,0.0,99.76496548034972,24,3.4139402560455197
QTD_B26,11.381309345327336,11.0,6.77207726512018,0.0,24.0,0.09801489064867311,-1.2030655798810366,0.0,99.33100416241788,25,1.249375312343828
QTD_H215,150.37754271765664,160.0,76.20686327305276,0.0,444.0,-0.08841574584681315,-0.6682618798645867,0.08136696501220504,99.58910750405377,296,24.084621643612696
QTD_B44,10.8046875,11.0,6.715897925143359,0.0,23.0,0.08790110652192493,-1.1270186247093734,0.0,99.95720566356296,24,18.75
QT_M34,664.6739130434783,665.0,346.6648033841898,5.0,1382.0,-0.08332193930668082,-0.9366615862385421,0.0,99.96924157068588,87,94.56521739130434
QTD_B41,11.540229885057471,11.0,6.864856877382777,0.0,24.0,0.0742540115744236,-1.241715393997139,0.0,99.91273967335886,25,9.578544061302683
QTD_H192,184.6094570928196,194.0,97.23222255707695,0.0,446.0,-0.07053617124577692,-0.607027003131452,0.0,99.8090971398004,254,44.483362521891415
QTD_B37,11.459405374499713,11.0,6.765290470559098,0.0,24.0,0.06873227366008455,-1.2074134445798748,0.0,98.83051102455659,25,0.714694110920526
QTD_H112,191.36252189141857,196.0,99.10377299072587,0.0,446.0,-0.06822561720256365,-0.6463008925004359,0.0,99.8090971398004,265,46.409807355516634
QTD_H113,384.120116194626,395.0,152.8776981647471,0.0,1321.0,0.06471803360107968,1.8753521295428355,4.429920116194626,97.69813276274219,775,11.256354393609296
QT_M29,327.6946902654867,325.0,171.91805573437307,3.0,703.0,0.06367200593504813,-0.9013610929988203,0.0,99.84888249945672,316,69.91150442477876
QT_M31,327.6946902654867,325.0,171.91805573437307,3.0,703.0,0.06367200593504813,-0.9013610929988203,0.0,99.84888249945672,316,69.91150442477876
QT_M35,690.4701257861635,677.0,368.95941758034485,1.0,1437.0,0.06161099459734345,-0.8792031250309522,0.0,99.57473128165695,758,59.59119496855346
QT_M64,623.5108695652174,625.0,353.0219149118462,5.0,1382.0,0.060245289312431706,-0.9842135261615383,0.0,99.96924157068588,86,93.47826086956522
QTD_H121,283.00689655172414,280.0,107.13965205663291,0.0,637.0,0.05992670707270126,0.378499621671903,5.58858501783591,98.59413918189264,552,13.127229488703923
QTD_B31,10.98936170212766,10.0,7.215900488376764,0.0,23.0,0.059876175362870335,-1.214398480905045,0.0,99.87429163671621,24,6.382978723404255
QTD_B30,11.579322638146168,11.0,6.750971025927848,0.0,24.0,0.0589557956904651,-1.2071410209806903,0.0,98.49952357867639,25,0.5570409982174688
QTD_B40,11.747259696458684,12.0,6.992058450702637,0.0,24.0,-0.058389616161402064,-1.2258571717181097,0.0,98.41393490580231,25,0.5269814502529512
QTD_B32,11.713080168776372,12.0,6.719192461703599,0.0,24.0,-0.0549386643619656,-1.1492965951598986,0.0,98.65298139449358,25,0.6205013651030032
QTD_B33,11.981481481481481,12.0,6.716610614079101,1.0,23.0,0.04976980797123409,-1.107988042228085,0.0,99.98194613931562,22,40.74074074074074
QTD_B42,11.512658227848101,11.5,6.492543137023895,0.0,23.0,0.046169190630753906,-1.1178034369746983,0.0,99.8415272228816,24,5.063291139240507
QTD_B28,11.69150641025641,12.0,6.914080908544731,0.0,24.0,0.036931221521321035,-1.253116402336805,0.0,99.58275521973889,25,2.003205128205128
QTD_H201,259.1790725326992,277.0,91.21109255948572,0.0,629.0,-0.026346044342372723,1.4158484180278252,12.413793103448276,98.59413918189264,509,12.104637336504162
QTD_H103,244.61945459392496,256.0,128.89030067596278,0.0,692.0,-0.019856650770145444,-0.30918814877466216,0.4531982624786339,78.68006218552014,641,1.0051906098574541
QTD_B38,12.040345821325648,12.0,6.610867554433268,0.0,23.0,-0.012064345294245566,-1.220311662177363,0.0,99.88398722856522,24,6.9164265129683
QTD_B43,11.733333333333333,12.0,6.566513620148481,0.0,23.0,-0.00048737798356385053,-1.216758819582231,0.0,99.9699102321927,24,26.666666666666668
QTD_L35,1.0,1.0,0.0,1.0,1.0,,,0.0,99.99632236171244,1,9.090909090909092
QTD_H8,0.0,0.0,0.0,0.0,0.0,,,0.0,0.0,1,0.0003343307534143528
QTD_H11,0.0,0.0,0.0,0.0,0.0,,,0.0,0.0,1,0.0003343307534143528
QTD_H13,0.0,0.0,0.0,0.0,0.0,,,0.0,0.0,1,0.0003343307534143528
QTD_H22,0.0,0.0,0.0,0.0,0.0,,,0.0,0.0,1,0.0003343307534143528
QTD_H38,0.0,0.0,0.0,0.0,0.0,,,0.0,0.0,1,0.0003343307534143528
QTD_H47,0.0,0.0,0.0,0.0,0.0,,,0.0,0.0,1,0.0003343307534143528
QTD_H49,0.0,0.0,0.0,0.0,0.0,,,0.0,0.0,1,0.0003343307534143528
QTD_H52,0.0,0.0,0.0,0.0,0.0,,,0.0,0.0,1,0.0003343307534143528
QTD_H60,0.0,0.0,0.0,0.0,0.0,,,0.0,0.0,1,0.0003343307534143528
QTD_H63,0.0,0.0,0.0,0.0,0.0,,,0.0,0.0,1,0.0003343307534143528
QT_M126,0.0,0.0,0.0,0.0,0.0,,,0.0,0.0,1,0.0003343307534143528
QT_M127,0.0,0.0,0.0,0.0,0.0,,,0.0,0.0,1,0.0003343307534143528
QT_M148,0.0,0.0,0.0,0.0,0.0,,,0.0,0.0,1,0.0003343307534143528
QT_M149,0.0,0.0,0.0,0.0,0.0,,,0.0,0.0,1,0.0003343307534143528
QTD_J7,0.0,0.0,0.0,0.0,0.0,,,0.0,19.664666254325404,1,0.0004161689979066699
QTD_J10,0.0,0.0,0.0,0.0,0.0,,,0.0,19.664666254325404,1,0.0004161689979066699
QTD_J12,0.0,0.0,0.0,0.0,0.0,,,0.0,19.664666254325404,1,0.0004161689979066699
QTD_J13,0.0,0.0,0.0,0.0,0.0,,,0.0,19.664666254325404,1,0.0004161689979066699
QTD_J14,0.0,0.0,0.0,0.0,0.0,,,0.0,19.664666254325404,1,0.0004161689979066699
QTD_J15,0.0,0.0,0.0,0.0,0.0,,,0.0,19.664666254325404,1,0.0004161689979066699
QTD_J16,0.0,0.0,0.0,0.0,0.0,,,0.0,19.664666254325404,1,0.0004161689979066699
QTD_J17,0.0,0.0,0.0,0.0,0.0,,,0.0,19.664666254325404,1,0.0004161689979066699
QTD_J21,0.0,0.0,0.0,0.0,0.0,,,0.0,19.664666254325404,1,0.0004161689979066699
QTD_J22,0.0,0.0,0.0,0.0,0.0,,,0.0,19.664666254325404,1,0.0004161689979066699
QTD_J24,0.0,0.0,0.0,0.0,0.0,,,0.0,19.664666254325404,1,0.0004161689979066699
QTD_J35,0.0,0.0,0.0,0.0,0.0,,,0.0,19.664666254325404,1,0.0004161689979066699
QTD_H280,0.0,0.0,0.0,0.0,0.0,,,0.0,0.0,1,0.0003343307534143528
QTD_H305,0.0,0.0,0.0,0.0,0.0,,,0.0,0.8043997927149329,1,0.0003370419179033296
FLG_B2,0.0,0.0,0.0,0.0,0.0,,,0.0,0.0,1,0.0003343307534143528
FLG_B3,0.0,0.0,0.0,0.0,0.0,,,0.0,0.0,1,0.0003343307534143528
FLG_B4,0.0,0.0,0.0,0.0,0.0,,,0.0,0.0,1,0.0003343307534143528
FLG_B5,0.0,0.0,0.0,0.0,0.0,,,0.0,0.0,1,0.0003343307534143528
FLG_B6,0.0,0.0,0.0,0.0,0.0,,,0.0,0.0,1,0.0003343307534143528
FLG_B7,0.0,0.0,0.0,0.0,0.0,,,0.0,0.0,1,0.0003343307534143528
FLG_B8,0.0,0.0,0.0,0.0,0.0,,,0.0,0.0,1,0.0003343307534143528
FLG_B9,0.0,0.0,0.0,0.0,0.0,,,0.0,0.0,1,0.0003343307534143528
FLG_B10,0.0,0.0,0.0,0.0,0.0,,,0.0,0.0,1,0.0003343307534143528
FLG_B11,0.0,0.0,0.0,0.0,0.0,,,0.0,0.0,1,0.0003343307534143528
FLG_B12,0.0,0.0,0.0,0.0,0.0,,,0.0,0.0,1,0.0003343307534143528
FLG_B13,0.0,0.0,0.0,0.0,0.0,,,0.0,0.0,1,0.0003343307534143528
FLG_B14,0.0,0.0,0.0,0.0,0.0,,,0.0,0.0,1,0.0003343307534143528
FLG_B15,0.0,0.0,0.0,0.0,0.0,,,0.0,0.0,1,0.0003343307534143528
FLG_B16,0.0,0.0,0.0,0.0,0.0,,,0.0,0.0,1,0.0003343307534143528
FLG_B17,0.0,0.0,0.0,0.0,0.0,,,0.0,0.0,1,0.0003343307534143528
FLG_B18,0.0,0.0,0.0,0.0,0.0,,,0.0,0.0,1,0.0003343307534143528
FLG_B19,0.0,0.0,0.0,0.0,0.0,,,0.0,0.0,1,0.0003343307534143528
FLG_B20,0.0,0.0,0.0,0.0,0.0,,,0.0,0.0,1,0.0003343307534143528
FLG_B21,0.0,0.0,0.0,0.0,0.0,,,0.0,0.0,1,0.0003343307534143528
FLG_B22,0.0,0.0,0.0,0.0,0.0,,,0.0,0.0,1,0.0003343307534143528
FLG_B23,0.0,0.0,0.0,0.0,0.0,,,0.0,0.0,1,0.0003343307534143528
FLG_B24,0.0,0.0,0.0,0.0,0.0,,,0.0,0.0,1,0.0003343307534143528
QTD_H333,0.0,0.0,0.0,0.0,0.0,,,0.0,0.0,1,0.0003343307534143528
QTD_H343,0.0,0.0,0.0,0.0,0.0,,,0.0,0.0,1,0.0003343307534143528
QTD_B25,12.0,12.0,,12.0,12.0,,,0.0,99.99966566924658,1,100.0
FLG_A1,1.0,1.0,0.0,1.0,1.0,,,0.0,99.39051503652564,1,0.054854635216675815
